
>>>>Trained on melody 2 <<<<<

Estimated a:
[0.00000034 0.         0.99999966 0.         0.        ]

Estimated A:
[[0.76932412 0.         0.14139009 0.03359082 0.05569498]
 [0.00000022 0.96054123 0.         0.03945822 0.00000033]
 [0.16416687 0.01782491 0.78607432 0.03193387 0.00000003]
 [0.13329162 0.06777319 0.         0.79795009 0.00098511]
 [0.0570887  0.         0.00000195 0.00466151 0.93824783]]

Estimated means:
[[ 5.32837879  0.        ]
 [10.43875266  0.        ]
 [ 0.22936878  0.        ]
 [ 8.68096323  0.        ]
 [ 6.91773341  0.        ]]

Estimated covariances:
[[[1.41880881 0.        ]
  [0.         0.0001    ]]

 [[0.10832621 0.        ]
  [0.         0.0001    ]]

 [[0.0236035  0.        ]
  [0.         0.0001    ]]

 [[0.27163403 0.        ]
  [0.         0.0001    ]]

 [[0.04837107 0.        ]
  [0.         0.0001    ]]]
Calculation likelihoods
likelihood of melody 1 =  -170.39724229686095
likelihood of melody 2 =  -170.55206612672106
likelihood of melody 3 =  -211.33292494409727